index,0,1,2
26457,0.10306945360374858,0.17249397127531946,0.724436575120932
26458,0.33373645567070004,0.23628650335002044,0.4299770409792795
26459,0.03433139184501596,0.0708950249621538,0.8947735831928303
26460,0.05159272762033963,0.08560028804799069,0.8628069843316697
26461,0.08552060652540147,0.24300153917023642,0.671477854304362
26462,0.05594706474197532,0.1193148204310458,0.8247381148269788
26463,0.5913840187093672,0.3892831352692768,0.019332846021355894
26464,0.04861232685210988,0.08577977352792573,0.8656078996199644
26465,0.06731828228417151,0.08705416022446204,0.8456275574913664
26466,0.07066847202223335,0.26157929692641385,0.6677522310513528
26467,0.11858658162030009,0.10998053099063501,0.7714328873890648
26468,0.041595138059289376,0.08521723581028862,0.8731876261304221
26469,0.576863265327727,0.09704877228426058,0.3260879623880124
26470,0.07143901397220596,0.4202735793457719,0.5082874066820222
26471,0.10130723684539557,0.13241389359858327,0.7662788695560212
26472,0.06757821484993784,0.2841055062968741,0.648316278853188
26473,0.04478610996359138,0.07051139977510192,0.8847024902613067
26474,0.29291663427003856,0.6855094315408098,0.02157393418915159
26475,0.33085185764315017,0.17170908656971634,0.4974390557871336
26476,0.037231753810203855,0.0915768679456473,0.8711913782441488
26477,0.18533773577710452,0.219149038883238,0.5955132253396576
26478,0.0561961038428693,0.08705070182244579,0.856753194334685
26479,0.03741581236189777,0.0836159473597109,0.8789682402783914
26480,0.06489897288342339,0.07222192815097377,0.8628790989656028
26481,0.06076362846806753,0.264055263234168,0.6751811082977646
26482,0.10370999710429951,0.08470821404326306,0.8115817888524375
26483,0.04953926363598854,0.12771787053303427,0.8227428658309772
26484,0.06671618020933003,0.141776884322427,0.791506935468243
26485,0.04306955464807852,0.06962597930725253,0.8873044660446691
26486,0.06640587241196172,0.10694398050513547,0.8266501470829029
26487,0.06757874316971833,0.10096668286123285,0.8314545739690488
26488,0.37704493235037284,0.5825725265782805,0.04038254107134667
26489,0.061000937421447174,0.2362114824124869,0.7027875801660659
26490,0.07969735550108037,0.11099436881271847,0.8093082756862012
26491,0.04796608016816104,0.13899576445731995,0.8130381553745191
26492,0.0629087928368298,0.35761990962722107,0.5794712975359492
26493,0.18689333512423412,0.8054966327732977,0.00761003210246811
26494,0.07359296052374426,0.37415234910544176,0.5522546903708139
26495,0.05039447773267526,0.09260555318374658,0.8569999690835782
26496,0.07418199829636167,0.16533211580308568,0.7604858859005524
26497,0.02698456829373713,0.8522267349963838,0.12078869670987892
26498,0.16549035440662366,0.5456596883776688,0.28884995721570755
26499,0.09560429078930059,0.14982665083329777,0.7545690583774017
26500,0.07638881747220258,0.41368506377246295,0.5099261187553344
26501,0.09672763803222663,0.36505844012077815,0.5382139218469955
26502,0.07087572163304388,0.09415807446519721,0.8349662039017588
26503,0.09153306506201363,0.40663296159886475,0.5018339733391216
26504,0.12100256359760038,0.1778622881190429,0.7011351482833568
26505,0.06638192179757149,0.08900919606658324,0.8446088821358454
26506,0.10965269400840331,0.8674724083233981,0.022874897668198602
26507,0.09841563007085621,0.8828111111839534,0.018773258745190608
26508,0.11388794887987615,0.13929248803425007,0.7468195630858737
26509,0.12459020480397835,0.15122024931706463,0.7241895458789571
26510,0.06074237500903577,0.22316314288777012,0.716094482103194
26511,0.049569006687217615,0.06725497088694345,0.8831760224258389
26512,0.08550962833594224,0.1778680028986334,0.7366223687654244
26513,0.14638904177557505,0.21022601304554592,0.643384945178879
26514,0.0418181044898117,0.08803737779329758,0.8701445177168907
26515,0.3612503338683247,0.1227846584304485,0.5159650077012268
26516,0.06233343674807025,0.24995595404569318,0.6877106092062366
26517,0.17313745036878503,0.8092464468514454,0.017616102779769466
26518,0.040886625050390084,0.07678900580480919,0.8823243691448007
26519,0.40822545857215886,0.09512866209609497,0.4966458793317463
26520,0.026738638939572672,0.8401679634130478,0.13309339764737946
26521,0.0759574799714263,0.25348152356205844,0.6705609964665151
26522,0.19613452824783434,0.14635397313544316,0.6575114986167225
26523,0.10597062401757042,0.14519123560787853,0.7488381403745511
26524,0.08190395922840513,0.20484146716318152,0.7132545736084135
26525,0.12081542547642544,0.23291093516266428,0.6462736393609103
26526,0.051486040150883344,0.08528470723719259,0.863229252611924
26527,0.14594247123613863,0.31107772874107054,0.5429798000227909
26528,0.07862669412956591,0.9058405790873648,0.015532726783069255
26529,0.4267455533116161,0.11527222607883444,0.4579822206095495
26530,0.106632445639977,0.15377954276828606,0.739588011591737
26531,0.05120882873265111,0.21784153879165236,0.7309496324756964
26532,0.14062961909120067,0.1356822613904257,0.7236881195183736
26533,0.0981049643337329,0.14809932945786772,0.7537957062083995
26534,0.03980924263100947,0.08123010250792087,0.8789606548610698
26535,0.04475155840513424,0.07375699643054466,0.8814914451643212
26536,0.10665710797478975,0.13743226749753584,0.7559106245276743
26537,0.07500528777043602,0.09875493994217786,0.8262397722873862
26538,0.06129488683500331,0.2725434050553367,0.66616170810966
26539,0.05512983557184327,0.13468545298222115,0.8101847114459356
26540,0.24716794358916505,0.14548927279995932,0.6073427836108756
26541,0.05431581561184005,0.08831157308525546,0.8573726113029043
26542,0.06755877540718758,0.10626053096219976,0.8261806936306128
26543,0.049487535181510285,0.09848838450183393,0.8520240803166558
26544,0.12131673659793285,0.17435926012049882,0.7043240032815683
26545,0.1245733959077541,0.3218668747732128,0.5535597293190332
26546,0.04672400798691186,0.09892445105633677,0.8543515409567514
26547,0.04748184239364776,0.06109327650301077,0.8914248811033414
26548,0.054029291224606445,0.09784977833755706,0.8481209304378365
26549,0.21851219877686168,0.7708420993715682,0.01064570185156994
26550,0.05364352429411734,0.1350659635999758,0.8112905121059067
26551,0.05106136433336439,0.14871526718629813,0.8002233684803375
26552,0.05480704684636596,0.17653157282834497,0.7686613803252891
26553,0.05841648082355795,0.09027584029965458,0.8513076788767875
26554,0.10679813666124746,0.3538666034499778,0.5393352598887748
26555,0.1485346894403693,0.13560698307501226,0.7158583274846184
26556,0.05956968097394221,0.28268032366080426,0.6577499953652535
26557,0.06497464025888919,0.09602370232208288,0.839001657419028
26558,0.5663025261016793,0.09953058005252806,0.3341668938457926
26559,0.29418149155000506,0.10873132526265368,0.5970871831873412
26560,0.06954429090613648,0.10889745854199255,0.8215582505518709
26561,0.05060363278174809,0.23342577045824275,0.7159705967600092
26562,0.04529258741836389,0.07882095994716047,0.8758864526344757
26563,0.048618923344682034,0.08247073292016739,0.8689103437351506
26564,0.09614020851138082,0.15623562540216823,0.7476241660864509
26565,0.11321326523554563,0.35380321157666694,0.5329835231877875
26566,0.06729807221886365,0.21924516821582,0.7134567595653164
26567,0.08419970000964558,0.1459157765128716,0.7698845234774827
26568,0.4109632346516736,0.5618820930864649,0.027154672261861548
26569,0.04374248880099308,0.10075133484249864,0.8555061763565082
26570,0.05465341309324947,0.6356847545058436,0.30966183240090694
26571,0.06922168504845734,0.09958835165445318,0.8311899632970895
26572,0.05907214110206606,0.17672134179622284,0.7642065171017113
26573,0.11055659014078044,0.1344320885747463,0.7550113212844732
26574,0.20966138538349585,0.09906737464133628,0.6912712399751678
26575,0.06803423397188511,0.10892949937428213,0.8230362666538326
26576,0.07815947160369931,0.09315725866545407,0.8286832697308466
26577,0.11392682003862016,0.13109399425580978,0.7549791857055701
26578,0.24051314611036773,0.4297603802514147,0.3297264736382176
26579,0.28954853556821086,0.6978245832059394,0.012626881225849797
26580,0.06918032541797914,0.10439000497110781,0.826429669610913
26581,0.10291340023344119,0.18737995906649793,0.7097066407000608
26582,0.0450050144115654,0.0822536152555454,0.8727413703328892
26583,0.04530669185223442,0.07102504614954086,0.8836682619982248
26584,0.08646052183935637,0.16388062475022894,0.7496588534104147
26585,0.1307667225095165,0.5017579555727795,0.3674753219177041
26586,0.3443333732827546,0.2324185999985295,0.42324802671871586
26587,0.3585277085657397,0.3767534512044521,0.26471884022980824
26588,0.05138134183885616,0.11152911006490523,0.8370895480962386
26589,0.13967417381871397,0.09302072496321057,0.7673051012180755
26590,0.10349627948104899,0.3889703340470243,0.5075333864719267
26591,0.14206814329385675,0.8324167370727079,0.025515119633435498
26592,0.42675779015554977,0.10951478229514328,0.46372742754930696
26593,0.04505550318309906,0.6198231527487511,0.33512134406814986
26594,0.06122911437956502,0.08199403871089858,0.8567768469095364
26595,0.04045748252574595,0.07014846792092677,0.8893940495533272
26596,0.0855900774023346,0.09982396460741554,0.8145859579902499
26597,0.5911995448756032,0.27305786216644234,0.13574259295795438
26598,0.060848075143057345,0.1336130470747789,0.8055388777821637
26599,0.05877362280778466,0.08504820134203649,0.8561781758501789
26600,0.03913398108060825,0.07663481425809836,0.8842312046612935
26601,0.057767721844190024,0.13694973669000796,0.8052825414658021
26602,0.05785221782400551,0.17752395619971462,0.76462382597628
26603,0.05918943729787363,0.125260295541314,0.8155502671608124
26604,0.04691992998080196,0.08494612672712241,0.8681339432920755
26605,0.034607945687622446,0.06670339167442298,0.8986886626379545
26606,0.07470082036108149,0.44591017060346605,0.47938900903545245
26607,0.09222905246778758,0.8792991802866733,0.028471767245539143
26608,0.04583982122164799,0.07826157476382661,0.8758986040145255
26609,0.05225711810165376,0.09763805539458606,0.8501048265037602
26610,0.2209748646072881,0.7369603003171937,0.04206483507551805
26611,0.10868695929374902,0.21528412144646702,0.6760289192597839
26612,0.10850500372800718,0.43681503987601694,0.45467995639597586
26613,0.07347438216389293,0.16054001379376256,0.7659856040423446
26614,0.11246575004427642,0.15645990461320824,0.7310743453425154
26615,0.11231926904043389,0.17716463432703689,0.7105160966325292
26616,0.04641274865193311,0.0670775625937157,0.8865096887543512
26617,0.08416575295800721,0.11286812668184117,0.8029661203601516
26618,0.04848673719020126,0.08072908827372868,0.87078417453607
26619,0.08929990711635027,0.16561324768721217,0.7450868451964375
26620,0.1274004993730303,0.8254774362980087,0.04712206432896094
26621,0.04902023935279687,0.07225628088216966,0.8787234797650334
26622,0.06582409773920934,0.577371511084412,0.35680439117637874
26623,0.05873554322712479,0.43631780155925154,0.5049466552136238
26624,0.0903198057597625,0.1294015472753558,0.7802786469648818
26625,0.6541435153718155,0.1152458931946913,0.23061059143349327
26626,0.2643253023089557,0.11085511290326057,0.6248195847877838
26627,0.05466385327953808,0.08151590888816561,0.8638202378322963
26628,0.03863387133008805,0.08930549032154714,0.8720606383483649
26629,0.04582523808844382,0.0806358140582038,0.8735389478533524
26630,0.04995755320533855,0.08491636906410434,0.865126077730557
26631,0.042911434057592374,0.07792143922696304,0.8791671267154445
26632,0.5304540847752314,0.08471992543136411,0.38482598979340454
26633,0.0672889847970166,0.10902275491645194,0.8236882602865314
26634,0.06284859716511451,0.08741267592416409,0.8497387269107214
26635,0.06498130817293853,0.23949512899079498,0.6955235628362665
26636,0.061503797611048516,0.31622703375977534,0.6222691686291761
26637,0.04302593540952465,0.11229197090521208,0.8446820936852634
26638,0.03965948402486594,0.7542891744373381,0.20605134153779586
26639,0.1088512569343231,0.6976059022871413,0.19354284077853573
26640,0.3848646811081459,0.14679106459994878,0.46834425429190524
26641,0.13906572111307075,0.5905292222890536,0.2704050565978756
26642,0.058196126097195315,0.09600842896071272,0.8457954449420918
26643,0.05937245632230805,0.22121195858685416,0.7194155850908377
26644,0.05627026462885397,0.09745239885679116,0.8462773365143549
26645,0.057056231275763813,0.09880730275719134,0.8441364659670448
26646,0.6248106809664631,0.12825679814376065,0.2469325208897764
26647,0.04634160937242843,0.05757060852771961,0.8960877820998518
26648,0.05672683672281372,0.5662660884852843,0.377007074791902
26649,0.07288523788435843,0.09596136482629829,0.8311533972893433
26650,0.41723096345654553,0.5479982476494067,0.03477078889404781
26651,0.27359384444864165,0.7095368964639666,0.016869259087391845
26652,0.2226699500428331,0.12759287699095007,0.6497371729662167
26653,0.2705862761018972,0.1579559841397625,0.5714577397583404
26654,0.04221808725121342,0.7365753479883826,0.22120656476040385
26655,0.047012710323404025,0.562611681148179,0.39037560852841685
26656,0.057161996037901175,0.09402672338421873,0.8488112805778801
26657,0.07350297080001518,0.36449032439316525,0.5620067048068196
26658,0.06207118679267033,0.2530359541501675,0.6848928590571622
26659,0.1475235173322255,0.21674819683453514,0.6357282858332394
26660,0.07080646244901717,0.2187876992257645,0.7104058383252183
26661,0.1994579962124485,0.17577554991096372,0.6247664538765878
26662,0.05521234785840683,0.27118232467662723,0.6736053274649659
26663,0.05042255007205931,0.1616986345837017,0.7878788153442388
26664,0.1285686746433544,0.150659491894811,0.7207718334618347
26665,0.17072427690245603,0.18102964728112306,0.6482460758164208
26666,0.05877108894632933,0.40058173907870964,0.540647171974961
26667,0.03141012202023984,0.06458862410826909,0.904001253871491
26668,0.05639882421689557,0.47168240600694095,0.47191876977616337
26669,0.22276923192116294,0.2687969869936745,0.5084337810851625
26670,0.3004222233881386,0.26231355791243904,0.4372642186994222
26671,0.050730123802204805,0.5813753107600976,0.3678945654376975
26672,0.04812692211716695,0.09406842167222292,0.8578046562106102
26673,0.10084583878338575,0.1415009277677277,0.7576532334488865
26674,0.6457963688307758,0.06722760262140458,0.2869760285478196
26675,0.037245130520480535,0.09613286230903002,0.8666220071704895
26676,0.06364121412246632,0.11932570846902278,0.8170330774085108
26677,0.039217424938035955,0.07759411974896056,0.8831884553130036
26678,0.08485646108789575,0.2116665466062532,0.7034769923058511
26679,0.12499169728806134,0.10742605460780338,0.7675822481041352
26680,0.05953291755904881,0.23717211561768434,0.7032949668232669
26681,0.04004742360781152,0.08262706173082311,0.8773255146613657
26682,0.04416239059980599,0.08495135675641131,0.8708862526437827
26683,0.06284956132713458,0.2853621344065836,0.6517883042662818
26684,0.0893567195461676,0.16216869925730448,0.7484745811965279
26685,0.25431289674072377,0.11107338739209219,0.6346137158671843
26686,0.04823624800052931,0.0812399890302821,0.8705237629691884
26687,0.1209002354760061,0.1600091399489837,0.7190906245750102
26688,0.24913617234208615,0.4956854579339115,0.2551783697240023
26689,0.09813609965401152,0.15176420611541624,0.7500996942305721
26690,0.04198125036061308,0.0767766518214035,0.8812420978179833
26691,0.1469088044512773,0.3491823853665588,0.5039088101821638
26692,0.06123037556500865,0.29798576866356735,0.640783855771424
26693,0.3980197483289968,0.11803760874418769,0.48394264292681544
26694,0.5998777177540151,0.3828044252449526,0.017317857001032187
26695,0.053610425839406416,0.07252347588747346,0.8738660982731201
26696,0.04402242146832986,0.07017305586242314,0.8858045226692469
26697,0.03925460541869844,0.06700738647900815,0.8937380081022935
26698,0.041228626517371365,0.057150411560825974,0.9016209619218025
26699,0.08112978476851322,0.40135156282093326,0.5175186524105535
26700,0.060334634608755634,0.42791042478782354,0.5117549406034209
26701,0.16154302443468482,0.4141219765800763,0.4243349989852389
26702,0.12344952951663661,0.2935808232954737,0.5829696471878897
26703,0.05877023551332349,0.11439981469514471,0.8268299497915319
26704,0.042490915618197615,0.08336224941408292,0.8741468349677195
26705,0.05179312147916902,0.06475137536002322,0.8834555031608078
26706,0.043602675375230875,0.08081978583130767,0.8755775387934615
26707,0.2715568706290965,0.1152896228867363,0.6131535064841672
26708,0.04682770506111991,0.07159931603149944,0.8815729789073806
26709,0.04306537333215951,0.07813945916459815,0.8787951675032424
26710,0.06313919321325241,0.1042214776091143,0.8326393291776333
26711,0.2572929654126394,0.1033087270570648,0.6393983075302957
26712,0.0694003201963449,0.20156162949335527,0.7290380503102999
26713,0.08297550667070419,0.46073456032400845,0.45628993300528736
26714,0.05432627584356957,0.13142148145045116,0.8142522427059793
26715,0.07420601570856657,0.20547927146009615,0.7203147128313373
26716,0.08675526833486381,0.6479308069408154,0.2653139247243207
26717,0.06243924053387855,0.1450592250275014,0.7925015344386201
26718,0.11665050916732925,0.14711546491712307,0.7362340259155478
26719,0.07824091921582511,0.3777784456289427,0.5439806351552323
26720,0.10687255344579472,0.10394224133549952,0.7891852052187058
26721,0.06908508472349568,0.22268107688383348,0.708233838392671
26722,0.18329894982896713,0.1281213793793556,0.6885796707916774
26723,0.08143436234660566,0.10804572021905115,0.8105199174343433
26724,0.05706207622929907,0.5405247764829385,0.40241314728776234
26725,0.05565449959844637,0.2915033529376551,0.6528421474638985
26726,0.1016888239311,0.3429984167409042,0.5553127593279958
26727,0.04765510354052966,0.09092241130248345,0.8614224851569869
26728,0.09836778488727245,0.154445233678798,0.7471869814339296
26729,0.0890512364503404,0.2302404788737454,0.6807082846759143
26730,0.129208104470432,0.5288384755856884,0.3419534199438795
26731,0.06085847030443364,0.09135075037633274,0.8477907793192336
26732,0.17055367499864418,0.8090409069655351,0.02040541803582077
26733,0.051018239253741444,0.06248705164122772,0.8864947091050308
26734,0.10588037781229669,0.17107106431965263,0.7230485578680509
26735,0.0464694293706122,0.09765183073406294,0.8558787398953248
26736,0.10566619077416664,0.1876849982373509,0.7066488109884825
26737,0.08842606022987491,0.3290511312820992,0.582522808488026
26738,0.04219527753780084,0.06681634319066318,0.890988379271536
26739,0.45304437532416186,0.10850823077700691,0.43844739389883114
26740,0.03841808508781473,0.0901907616343711,0.8713911532778141
26741,0.13412885274869701,0.826185797273513,0.039685349977789844
26742,0.056355521601190214,0.2208232447915487,0.7228212336072611
26743,0.11087426462859117,0.1476068300119558,0.7415189053594529
26744,0.11880217242586498,0.22361131550612123,0.6575865120680138
26745,0.03270850824331141,0.06946915039684662,0.8978223413598421
26746,0.41248477473037576,0.12218439332481489,0.46533083194480934
26747,0.05179441686832358,0.47140494643790565,0.4768006366937707
26748,0.2230483348655647,0.27040601079698007,0.5065456543374554
26749,0.0575196730259097,0.11701181633619159,0.8254685106378987
26750,0.060385847053395066,0.1259969235455138,0.8136172294010913
26751,0.05610377959303322,0.11692566748011586,0.826970552926851
26752,0.08804864280915642,0.49599426972166294,0.41595708746918053
26753,0.10382254966599919,0.13905316229191775,0.7571242880420831
26754,0.09382219701527754,0.1045965503632529,0.8015812526214696
26755,0.053847530374370095,0.14448916844141044,0.8016633011842195
26756,0.1254255893162191,0.09503851453826277,0.7795358961455181
26757,0.18487102658532661,0.2192007556438372,0.5959282177708362
26758,0.11574477289375357,0.23776114023740202,0.6464940868688445
26759,0.09550965000621711,0.1487394545475956,0.7557508954461873
26760,0.42592113170822266,0.14004472869563073,0.4340341395961467
26761,0.05526520502837433,0.12941598422537293,0.8153188107462527
26762,0.0415888289578904,0.06938255783602443,0.8890286132060852
26763,0.05114028488789253,0.08737486459636312,0.8614848505157443
26764,0.0701372604915842,0.11186836386513077,0.817994375643285
26765,0.06470631272892946,0.10258488567080092,0.8327088016002695
26766,0.060518194656936246,0.4535146563921018,0.4859671489509619
26767,0.07119603832064655,0.10833596180726231,0.8204679998720911
26768,0.10133667004697325,0.8802785962394926,0.018384733713534142
26769,0.43300921125326763,0.13318674773991124,0.4338040410068211
26770,0.05281449054652544,0.09055101972605321,0.8566344897274213
26771,0.199711648776465,0.7784270175851097,0.02186133363842526
26772,0.4147852068554624,0.08719582350925159,0.498018969635286
26773,0.10433551327627523,0.16463275465171667,0.7310317320720081
26774,0.12029361208923378,0.15882083188572504,0.7208855560250411
26775,0.0654077790706843,0.24976052458454875,0.6848316963447669
26776,0.04660730559415955,0.08707062034067127,0.8663220740651691
26777,0.04533679770302521,0.05859689925848918,0.8960663030384856
26778,0.04997393448123999,0.07769737401543764,0.8723286915033225
26779,0.04902874776427104,0.13939002600418532,0.8115812262315436
26780,0.05284070481965143,0.08546734780794871,0.8616919473723998
26781,0.04733233126663647,0.11638486395916686,0.8362828047741966
26782,0.054298573436281694,0.078721712684451,0.8669797138792673
26783,0.15653099606145562,0.18616524562053227,0.6573037583180121
26784,0.05501106248401301,0.5557875598524014,0.38920137766358565
26785,0.06566466420105764,0.1244396047619848,0.8098957310369576
26786,0.3704509849981253,0.10624370007654386,0.5233053149253309
26787,0.05566113313666985,0.08775900757143505,0.8565798592918951
26788,0.19860718216273973,0.258097583181471,0.5432952346557892
26789,0.057936871502521366,0.48046957773296767,0.461593550764511
26790,0.0691277996620967,0.14208909709912904,0.7887831032387743
26791,0.04305948793535291,0.0685516611297295,0.8883888509349175
26792,0.07177142963457274,0.13052374557931123,0.797704824786116
26793,0.059500350179914986,0.1501604760791362,0.790339173740949
26794,0.06610203802523905,0.1141883816116733,0.8197095803630876
26795,0.06550877997776804,0.20994264468896245,0.7245485753332694
26796,0.1298108963500547,0.8634837334568956,0.0067053701930497285
26797,0.0617277019288647,0.2872270996301103,0.6510451984410249
26798,0.6358720075441844,0.07888948373238602,0.28523850872342965
26799,0.24343467293613827,0.09760881531844902,0.6589565117454127
26800,0.09732468419156168,0.8840885729351583,0.01858674287328007
26801,0.05485278122817101,0.4812753958431092,0.4638718229287198
26802,0.10357087682141793,0.14507141634213966,0.7513577068364424
26803,0.06475679787157113,0.18205686293437753,0.7531863391940514
26804,0.0520782006728002,0.23045294828441296,0.7174688510427867
26805,0.04614306885011189,0.09279819851895844,0.8610587326309297
26806,0.10905299012520334,0.23484307767472118,0.6561039322000755
26807,0.04166392292715209,0.07555166905851274,0.882784408014335
26808,0.04978756576363698,0.16525859575280294,0.78495383848356
26809,0.06200653096152071,0.23226630168442342,0.7057271673540559
26810,0.05208697268030182,0.26937063900038977,0.6785423883193086
26811,0.046658125344428036,0.10473008440216855,0.8486117902534035
26812,0.04048324396899548,0.06651980554943485,0.8929969504815697
26813,0.10187879062249923,0.42984560466523464,0.46827560471226615
26814,0.11918126546837418,0.14418653510380264,0.7366321994278231
26815,0.09733085051189488,0.1425802047478321,0.760088944740273
26816,0.08525122262727003,0.24374577103217043,0.6710030063405596
26817,0.04233402443143875,0.05875667684984882,0.8989092987187125
26818,0.2662379531537696,0.16250612616674692,0.5712559206794834
26819,0.10906236847229489,0.23838788891782653,0.6525497426098786
26820,0.12669462525543598,0.8458087746134757,0.027496600131088327
26821,0.06396875548774246,0.9233679062759836,0.012663338236273743
26822,0.07861680083745236,0.4202925475333903,0.5010906516291573
26823,0.057799526493234776,0.08934435529483441,0.8528561182119309
26824,0.11021505434684868,0.11419944797967554,0.7755854976734756
26825,0.03856821357517173,0.0767480389298284,0.8846837474949998
26826,0.04933133004609837,0.08759712118985392,0.8630715487640478
26827,0.103599763632324,0.13487400221059373,0.7615262341570822
26828,0.09376691396265281,0.16998492112731553,0.7362481649100316
26829,0.05946788363360207,0.08551310017961761,0.8550190161867802
26830,0.048227272152909915,0.08126215970865806,0.8705105681384322
26831,0.059221855092083164,0.13804981090831311,0.8027283339996037
26832,0.029623014593038333,0.07195165901788197,0.8984253263890796
26833,0.06577959637208952,0.13523105095452917,0.7989893526733813
26834,0.056889320475720324,0.14781385763968552,0.7952968218845942
26835,0.6137211190483962,0.09239922829384284,0.29387965265776095
26836,0.12949518332849977,0.31655581490914764,0.5539490017623526
26837,0.12044438189759611,0.08894479760924835,0.7906108204931553
26838,0.16069346857976535,0.23740845862663093,0.6018980727936037
26839,0.6299921660510205,0.08059858424034601,0.28940924970863324
26840,0.08339011574666796,0.18610158656161588,0.7305082976917161
26841,0.05249355075211218,0.06471899216866206,0.8827874570792258
26842,0.06151983496689513,0.20309373133480793,0.7353864336982968
26843,0.10627396681224018,0.13666516262146622,0.7570608705662938
26844,0.047849328377087566,0.7138871765784744,0.238263495044438
26845,0.4082490463482734,0.09654493981335638,0.4952060138383701
26846,0.0569440729070702,0.09845637144618676,0.8445995556467433
26847,0.10998228842500986,0.22567611314332575,0.6643415984316643
26848,0.2053073305748677,0.10937030732430081,0.6853223621008315
26849,0.29695862241890775,0.16843079579677686,0.5346105817843154
26850,0.11112626523029716,0.1996609630202753,0.6892127717494274
26851,0.09692964983376265,0.14379206508140213,0.7592782850848352
26852,0.05248691971379197,0.6037922687653245,0.34372081152088335
26853,0.04706464098420088,0.08617415043589034,0.8667612085799087
26854,0.09340841211495758,0.8907523353801047,0.015839252504937704
26855,0.06683317156286336,0.15962556526966395,0.7735412631674726
26856,0.1298083915172209,0.1121297945757182,0.758061813907061
26857,0.07305663137032964,0.4347911601600658,0.49215220846960467
26858,0.03478039061984356,0.8385719435639953,0.12664766581616113
26859,0.0447969564671393,0.6385699350138792,0.3166331085189815
26860,0.04535297638827551,0.6824578409063347,0.2721891827053897
26861,0.07503036874957092,0.23768274396882322,0.6872868872816059
26862,0.08194542127225923,0.09188428123391584,0.826170297493825
26863,0.05421342835158833,0.11812074870247524,0.8276658229459365
26864,0.07676016200451347,0.2952998436030026,0.627939994392484
26865,0.06059690032906736,0.20215766738016663,0.737245432290766
26866,0.05377181316439588,0.15454693172172312,0.7916812551138811
26867,0.05998747648965814,0.08707924492150301,0.8529332785888389
26868,0.05697852131907014,0.11276163467175664,0.8302598440091733
26869,0.0380121914717569,0.04983950691390798,0.9121483016143351
26870,0.03412978483342458,0.7749753916351088,0.19089482353146678
26871,0.4196155052303726,0.1201417684412216,0.46024272632840585
26872,0.044374984602360654,0.09309441944703571,0.8625305959506036
26873,0.06971965731853906,0.1538664695765998,0.7764138731048611
26874,0.05904333953899103,0.37175408511874286,0.5692025753422661
26875,0.09963294748562647,0.22891289329304798,0.6714541592213255
26876,0.0534848140974575,0.06683480953342777,0.8796803763691148
26877,0.04829519117272652,0.09214226492045237,0.8595625439068212
26878,0.09942003128437919,0.1547619872568625,0.7458179814587583
26879,0.07472576604581734,0.22901757794404662,0.696256656010136
26880,0.14094112678970316,0.10138459099819257,0.7576742822121043
26881,0.03793486320957899,0.08397072511836007,0.8780944116720608
26882,0.4972479789688061,0.10278540430839878,0.399966616722795
26883,0.04866052871384899,0.08744308686258964,0.8638963844235614
26884,0.06350381993495233,0.38469206843221093,0.5518041116328366
26885,0.11615898987534905,0.1321338172764628,0.7517071928481883
26886,0.03955250953781089,0.07988983232648982,0.8805576581356993
26887,0.05310647704583388,0.12009113139157872,0.8268023915625875
26888,0.16446412979580574,0.1485412125507084,0.6869946576534859
26889,0.04848994195460769,0.08038054495277817,0.8711295130926142
26890,0.0724735011955985,0.2354142945355299,0.6921122042688717
26891,0.04923879069744847,0.6207504625990858,0.3300107467034657
26892,0.07049012594657487,0.08566055694544909,0.8438493171079761
26893,0.04160606626665176,0.07733592830370722,0.8810580054296412
26894,0.049404418427423956,0.11448584524791885,0.8361097363246572
26895,0.08743572807307326,0.41796791443580406,0.4945963574911227
26896,0.06715144138900958,0.09091626189339577,0.8419322967175945
26897,0.07142543272566965,0.16201434439847973,0.7665602228758506
26898,0.042408702970856534,0.07546203210857484,0.8821292649205686
26899,0.13185211640842423,0.13049939165949026,0.7376484919320853
26900,0.063787748743748,0.1938358390516667,0.7423764122045854
26901,0.06737539961013408,0.25669873177166186,0.6759258686182041
26902,0.04804932597232923,0.05983862250487483,0.8921120515227959
26903,0.07250805322381085,0.22978064116599545,0.6977113056101938
26904,0.6279306994306174,0.34490369238843915,0.027165608180943383
26905,0.05661858350539111,0.10326900948339181,0.8401124070112171
26906,0.043076019352287255,0.10471669198114575,0.852207288666567
26907,0.0317639956558903,0.06424547546367669,0.9039905288804333
26908,0.052453831497856714,0.11248374459668345,0.8350624239054599
26909,0.05564644683264647,0.5880977878873898,0.3562557652799638
26910,0.09231907759537675,0.1896165992930176,0.7180643231116055
26911,0.05123184729245204,0.08257922984563684,0.8661889228619112
26912,0.05142490488274642,0.09764469300632465,0.850930402110929
26913,0.3012870689970297,0.156493871244414,0.5422190597585563
26914,0.053493328489459605,0.13790826050181984,0.8085984110087205
26915,0.10735535652277023,0.1313686748088101,0.7612759686684196
26916,0.2124023757726732,0.7736807061182591,0.01391691810906765
26917,0.06145067825390977,0.15379160138691855,0.7847577203591718
26918,0.06716604592981143,0.11480384412752366,0.818030109942665
26919,0.4754209420553371,0.11577732903001667,0.4088017289146462
26920,0.05886458497022892,0.21154876067109327,0.7295866543586779
26921,0.05242696060282344,0.5660933900045876,0.38147964939258894
26922,0.06788473784913349,0.442119483273572,0.48999577887729445
26923,0.05141253664389057,0.06500492515412191,0.8835825382019875
26924,0.04905357196933603,0.1279180236523721,0.823028404378292
26925,0.05436291717235831,0.06597884504805206,0.8796582377795897
26926,0.10049959793315218,0.26517237210184624,0.6343280299650014
26927,0.05895246877947222,0.09263906720764077,0.848408464012887
26928,0.06543180918512882,0.9213452789106692,0.013222911904201969
26929,0.04418942987404051,0.108518605047593,0.8472919650783665
26930,0.040701139907269195,0.7137122369217921,0.24558662317093874
26931,0.14760694280884287,0.8319377781245766,0.020455279066580716
26932,0.04452629946428563,0.6668073336034106,0.28866636693230374
26933,0.4416807411304567,0.10104143133651682,0.4572778275330265
26934,0.06450029217051735,0.10574802069124879,0.8297516871382339
26935,0.05499999194220283,0.12517129321573203,0.8198287148420652
26936,0.046994761363308435,0.12372370879117456,0.8292815298455171
26937,0.14263485365550246,0.1707094719381826,0.686655674406315
26938,0.2067082469122286,0.7762431807933748,0.017048572294396495
26939,0.6228258413103813,0.3514423730654982,0.02573178562412045
26940,0.10895415571295974,0.12850119733633764,0.7625446469507025
26941,0.0959752917851814,0.2172303098387345,0.686794398376084
26942,0.07290099685138965,0.11024282093549434,0.8168561822131161
26943,0.05461549136134754,0.36743101750096696,0.5779534911376855
26944,0.07987168205948035,0.09662966787463598,0.8234986500658837
26945,0.06286400976039148,0.44341424453884276,0.4937217457007657
26946,0.04154527752156578,0.08253601484239306,0.8759187076360411
26947,0.07074791496453338,0.14118909939479843,0.7880629856406681
26948,0.0848136106116778,0.31564080484484985,0.5995455845434724
26949,0.3390258737082485,0.13491729408665745,0.5260568322050941
26950,0.1956444614138928,0.13152277057549,0.6728327680106173
26951,0.3943730057559186,0.36870506558006333,0.23692192866401807
26952,0.1205460742150509,0.2142176624103992,0.6652362633745501
26953,0.11059832226270669,0.07793302701454714,0.8114686507227462
26954,0.053785580109879154,0.13013549648454575,0.8160789234055751
26955,0.041245372300981215,0.6380491024520496,0.32070552524696916
26956,0.14821176354651355,0.2345965719010577,0.6171916645524288
26957,0.6710073660869216,0.09847250917710587,0.23052012473597264
26958,0.2593658795432714,0.12026362117437472,0.620370499282354
26959,0.06306433389099389,0.14004989567295975,0.7968857704360464
26960,0.07095166912140942,0.16197937515453742,0.7670689557240532
26961,0.055228780334319605,0.12615023546358783,0.8186209842020925
26962,0.04808678154211615,0.5685988062030629,0.3833144122548209
26963,0.3980197483289968,0.11803760874418769,0.48394264292681544
26964,0.10505608464571481,0.1251912410879394,0.7697526742663459
26965,0.04039994960190918,0.7062769218964122,0.25332312850167865
26966,0.06715144138900958,0.09091626189339577,0.8419322967175945
26967,0.049915455114873324,0.10200090244718972,0.8480836424379368
26968,0.11269875244294358,0.1680362137933494,0.719265033763707
26969,0.04861078899153018,0.07490410399329057,0.8764851070151792
26970,0.05807138806037675,0.10368220801541221,0.8382464039242111
26971,0.0667242284094335,0.25418525642688344,0.679090515163683
26972,0.13655320319269643,0.28901076534362646,0.574436031463677
26973,0.09004805624025185,0.17252229200522837,0.7374296517545198
26974,0.037594943741674616,0.07313199602250449,0.8892730602358209
26975,0.049910927740909196,0.06798350049936512,0.8821055717597257
26976,0.16197341741073315,0.8063860550549578,0.031640527534309036
26977,0.10391352736626884,0.1883384561750477,0.7077480164586833
26978,0.04323651203082906,0.12455029919576457,0.8322131887734066
26979,0.12209615758677844,0.20875380897391443,0.669150033439307
26980,0.058137952089494654,0.18481467353457526,0.7570473743759302
26981,0.06494979179909591,0.4329301389943042,0.5021200692065999
26982,0.051407226231738476,0.10726122510065299,0.8413315486676086
26983,0.09756510314416403,0.17881135652736468,0.7236235403284713
26984,0.06800604792647244,0.2126526597547954,0.719341292318732
26985,0.06575216813097799,0.43110170584047675,0.5031461260285452
26986,0.07822810386158957,0.12090629905273859,0.8008655970856718
26987,0.045186430751024874,0.7407433986790568,0.2140701705699184
26988,0.1368453515676429,0.25780202008541886,0.6053526283469384
26989,0.050691275472221284,0.5933392281031249,0.3559694964246538
26990,0.04914045401681518,0.07453118344931293,0.8763283625338718
26991,0.04268084960971547,0.0795506533937132,0.8777684969965714
26992,0.10235239512484298,0.6302090834635439,0.2674385214116131
26993,0.0389991788708778,0.06965039577594617,0.891350425353176
26994,0.10694619263175538,0.1613427422048398,0.7317110651634048
26995,0.058215750989941216,0.19742883390848548,0.7443554151015733
26996,0.04260941688359202,0.0742333734504625,0.8831572096659454
26997,0.23302888363627217,0.45592071003773693,0.3110504063259909
26998,0.5214748031392595,0.08911430975793438,0.3894108871028061
26999,0.5646382864460847,0.08654879133328859,0.3488129222206266
27000,0.05731682063414014,0.47000287914438493,0.47268030022147484
27001,0.07141611332005607,0.28171983616345697,0.6468640505164869
27002,0.06792267912836107,0.2363384994690229,0.6957388214026158
27003,0.07086114826834494,0.14032279097904762,0.7888160607526075
27004,0.2369698804035054,0.13400609665271465,0.6290240229437799
27005,0.06066247111704702,0.26617489365643104,0.6731626352265219
27006,0.04711028787190337,0.07966493552419271,0.8732247766039041
27007,0.08289331652603404,0.7299635283377176,0.18714315513624827
27008,0.06516811381506285,0.21761879705813383,0.7172130891268031
27009,0.05968653353990087,0.15390763907883015,0.786405827381269
27010,0.03733039740069821,0.07032400438075948,0.8923455982185423
27011,0.14661525676968834,0.5301056889279189,0.3232790543023927
27012,0.05141168344062034,0.08269020427935503,0.8658981122800246
27013,0.19245040800627936,0.1399047464334918,0.6676448455602289
27014,0.10651259278920391,0.4364763316515414,0.45701107555925463
27015,0.07649608832379697,0.4912331207626439,0.4322707909135591
27016,0.05499655569155645,0.07488801928674374,0.8701154250216997
27017,0.06056169393050206,0.10419167568982482,0.8352466303796731
27018,0.12899369233007543,0.12217895629914372,0.7488273513707809
27019,0.09717737121652098,0.16323076488755128,0.7395918638959276
27020,0.06649499543929364,0.23367071937503242,0.699834285185674
27021,0.07423168976136736,0.33060763296276974,0.595160677275863
27022,0.04280389682731095,0.07123124902422841,0.8859648541484606
27023,0.17924455163973466,0.2841155834640181,0.5366398648962473
27024,0.12651522285491626,0.19098912899984677,0.682495648145237
27025,0.2780261587394452,0.1049401886108986,0.6170336526496562
27026,0.047791421997029536,0.06902910088013559,0.8831794771228348
27027,0.11369008203378965,0.09550810046397458,0.7908018175022359
27028,0.5484520741904679,0.08133030664344354,0.3702176191660884
27029,0.05144780545783542,0.09640892836069312,0.8521432661814715
27030,0.17461300635406254,0.5240487425109288,0.30133825113500856
27031,0.4824177221935655,0.2451642853533298,0.2724179924531048
27032,0.37071884999613985,0.1495231724861449,0.47975797751771526
27033,0.0704012836997121,0.10059523245503921,0.8290034838452487
27034,0.11819289111497534,0.1702124472716229,0.7115946616134018
27035,0.6140597605872332,0.09359944946096929,0.29234078995179746
27036,0.11795881324311702,0.14287962112062633,0.7391615656362566
27037,0.22043489359723398,0.43770940436742656,0.3418557020353395
27038,0.051741003263426476,0.06860181425127654,0.8796571824852972
27039,0.20565941307201685,0.17376780312856266,0.6205727837994205
27040,0.0638857175927823,0.09412975086009275,0.8419845315471249
27041,0.03697697634497082,0.0742211313686631,0.8888018922863661
27042,0.19147509009660177,0.7840994869436985,0.024425422959699704
27043,0.05590030093056582,0.08991913708694099,0.8541805619824933
27044,0.04860148886561781,0.07314565551926593,0.8782528556151162
27045,0.08037019656191662,0.14063308434277333,0.7789967190953101
27046,0.07512136816755692,0.10487019184187084,0.8200084399905724
27047,0.0865742602509059,0.5536430019591148,0.3597827377899793
27048,0.2930609643306527,0.6999360644661914,0.007002971203155796
27049,0.14708844931176707,0.41821309471036927,0.4346984559778637
27050,0.0505602122123113,0.10677755659146312,0.8426622311962255
27051,0.10479031329351461,0.3372022946113294,0.5580073920951558
27052,0.04926421292229857,0.08311314563024008,0.8676226414474614
27053,0.059494263173875524,0.22078752763275403,0.7197182091933704
27054,0.05491544773580274,0.11374159690327496,0.8313429553609223
27055,0.19489850522213897,0.7886700677997849,0.016431426978076112
27056,0.20553095204563937,0.7769816345584208,0.017487413395939753
27057,0.06327523516896559,0.4211752689171976,0.5155494959138369
27058,0.4993768327722057,0.13856805837191616,0.3620551088558781
27059,0.07613403136650962,0.1327431200974235,0.7911228485360668
27060,0.058165987089715473,0.13166446697246298,0.8101695459378216
27061,0.3955691136086864,0.13850113631742678,0.46592975007388693
27062,0.17365009482350935,0.11111472004509397,0.7152351851313967
27063,0.04621601384903942,0.09395783657041762,0.8598261495805428
27064,0.04008131122416499,0.06932003610321295,0.8905986526726222
27065,0.05362428689070482,0.44784552549446216,0.498530187614833
27066,0.034696764239952764,0.07767617302207622,0.887627062737971
27067,0.04831279354462312,0.12019104575287282,0.8314961607025041
27068,0.4883076379464479,0.10023119384815189,0.4114611682054003
27069,0.0448635324440519,0.09153103253194621,0.863605435024002
27070,0.05326107417665897,0.07766140445846181,0.8690775213648793
27071,0.052722299199946115,0.07397872526243013,0.8732989755376238
27072,0.07059484841196692,0.2513513135596825,0.6780538380283505
27073,0.10590383404755452,0.20644755512689325,0.6876486108255524
27074,0.12137320348029168,0.32027930103939883,0.5583474954803095
