index,0,1,2
26457,0.11508208499339558,0.17048783496346565,0.7144300800431388
26458,0.3416125641449721,0.22689519020700175,0.4314922456480262
26459,0.03555331239009453,0.07274668339225043,0.891700004217655
26460,0.05193998475599424,0.08004925302702066,0.868010762216985
26461,0.08990438323555364,0.24419619486145944,0.6658994219029869
26462,0.05056327933064537,0.12141253453208029,0.8280241861372744
26463,0.6317467513347332,0.3486472347364187,0.01960601392884808
26464,0.0452407671283804,0.08341265153717628,0.8713465813344432
26465,0.0663125580530132,0.09269716953896914,0.8409902724080177
26466,0.0670264387918309,0.2733810330125569,0.6595925281956122
26467,0.12257256233431268,0.10696060824498287,0.7704668294207044
26468,0.04074230997041893,0.08457621836406409,0.8746814716655169
26469,0.5883569229458279,0.0956988237335654,0.31594425332060694
26470,0.0732225140897158,0.42502689120341786,0.5017505947068663
26471,0.10554519710449302,0.13731976379957725,0.7571350390959296
26472,0.06688117094489188,0.2904618689646582,0.6426569600904499
26473,0.0424532132146829,0.07349900972224312,0.8840477770630739
26474,0.3201281295726909,0.6586687820040985,0.021203088423210587
26475,0.34067035560502346,0.17222457798002844,0.48710506641494805
26476,0.03945854411107511,0.09133614769111564,0.8692053081978091
26477,0.20496087007922661,0.2141844881856223,0.5808546417351511
26478,0.057583107196294885,0.08405578300831666,0.8583611097953885
26479,0.03967876777214588,0.08347382618995415,0.8768474060379
26480,0.05669416365687658,0.07336841796039453,0.869937418382729
26481,0.06271783619474404,0.26738198491118076,0.6699001788940752
26482,0.10881141532102147,0.08886949657924254,0.8023190880997358
26483,0.04939331346599525,0.12464699831641993,0.8259596882175847
26484,0.07338755549324154,0.13586506133000664,0.7907473831767519
26485,0.041376087794881444,0.06922446459405436,0.8893994476110642
26486,0.06311477947713023,0.11666574741917814,0.8202194731036915
26487,0.07277162790935471,0.09782741515617414,0.8294009569344712
26488,0.35838504132249765,0.6048105785688518,0.03680438010865035
26489,0.06398540219019255,0.2160760814704597,0.7199385163393478
26490,0.07590764048700524,0.12196248833899805,0.8021298711739967
26491,0.051199822386951095,0.1331062146117334,0.8156939630013156
26492,0.06501626570897498,0.35304252529983365,0.5819412089911913
26493,0.18281440104567315,0.8101675226494927,0.007018076304834371
26494,0.07183427546650913,0.39416437150187716,0.5340013530316137
26495,0.05688720428050156,0.09292961828534652,0.850183177434152
26496,0.07768285195957836,0.1698105537033736,0.752506594337048
26497,0.02914352489387044,0.849226522258912,0.1216299528472176
26498,0.1626813137991294,0.5370571706147949,0.3002615155860757
26499,0.10401234341659706,0.14644729354648528,0.7495403630369176
26500,0.07311599741736968,0.4239483485523148,0.5029356540303155
26501,0.0824161476490478,0.38863271093061624,0.528951141420336
26502,0.07080147642581501,0.10522596894530734,0.8239725546288776
26503,0.0874965453914264,0.410338109655872,0.5021653449527016
26504,0.11784283426645825,0.18434140262984733,0.6978157631036944
26505,0.0638534890808011,0.08710801829562351,0.8490384926235754
26506,0.11979477429386706,0.85754368459333,0.02266154111280297
26507,0.09586496692287094,0.885309632467526,0.01882540060960309
26508,0.1024065433492958,0.15091863197196237,0.7466748246787419
26509,0.12557058972416285,0.15756329141291298,0.7168661188629242
26510,0.05927625021875434,0.2132346904450585,0.7274890593361871
26511,0.04601207983466109,0.0670344709188536,0.8869534492464853
26512,0.09448895420906095,0.17947533140031116,0.7260357143906279
26513,0.12914279536812948,0.20839849632238636,0.6624587083094843
26514,0.04570159397142657,0.08776471213394689,0.8665336938946265
26515,0.3684620332048454,0.11958126298788609,0.5119567038072687
26516,0.06559307021384343,0.22889289712507635,0.7055140326610801
26517,0.1905667421132924,0.7908945714328325,0.018538686453875096
26518,0.03907541672018128,0.0775364156684467,0.8833881676113721
26519,0.388039017886721,0.10290673379392079,0.5090542483193582
26520,0.02757915742690642,0.835997787876103,0.1364230546969905
26521,0.07057826506451549,0.24907237942137353,0.680349355514111
26522,0.18249144512577944,0.14631183321432276,0.6711967216598977
26523,0.10281527909420833,0.15656529167470465,0.740619429231087
26524,0.08274051759580262,0.1973384809589304,0.719921001445267
26525,0.12442059110701031,0.22480219614332703,0.6507772127496626
26526,0.05182348963088372,0.08408123370435658,0.8640952766647598
26527,0.1430641993263352,0.31326024906650346,0.5436755516071615
26528,0.07951106580592004,0.9047334422215434,0.01575549197253647
26529,0.4268623507298215,0.10125705120251942,0.47188059806765914
26530,0.09738280960389742,0.1524802812408634,0.7501369091552392
26531,0.05749595996446055,0.19003026873422443,0.752473771301315
26532,0.1338149781884304,0.14316738335129037,0.7230176384602792
26533,0.10080106324554934,0.14566718755483213,0.7535317491996186
26534,0.04126467389434212,0.07633754679739292,0.8823977793082649
26535,0.04251653730732223,0.07340158036762894,0.8840818823250488
26536,0.10396814354181742,0.15702964570563147,0.7390022107525511
26537,0.07151777423734965,0.09459974014779726,0.8338824856148531
26538,0.06160876948975053,0.2755322899070594,0.66285894060319
26539,0.05151334969307532,0.14259408020622696,0.8058925701006978
26540,0.27198560533362787,0.13537660100771104,0.5926377936586611
26541,0.05137265635899273,0.10042371528289432,0.8482036283581129
26542,0.06924089641413488,0.10997743143429228,0.8207816721515727
26543,0.05261689246894193,0.09400633341253244,0.8533767741185256
26544,0.13350413752860057,0.1702430090068326,0.6962528534645669
26545,0.1290090441503574,0.3142135634373604,0.5567773924122822
26546,0.050064929373071984,0.0936686605265583,0.8562664101003696
26547,0.0482951305336476,0.07024742897285288,0.8814574404934995
26548,0.04967519646887047,0.10866869358383685,0.8416561099472926
26549,0.1843435141061809,0.8061007160572253,0.009555769836593685
26550,0.053024001626728774,0.14465851431344576,0.8023174840598255
26551,0.052709226655888,0.13911431326108767,0.8081764600830242
26552,0.053960066280856464,0.17390823965708185,0.7721316940620617
26553,0.05418274370662383,0.0837533036107482,0.8620639526826278
26554,0.10140587063137156,0.3585486955532618,0.5400454338153666
26555,0.13215275714958882,0.1373119987790817,0.7305352440713293
26556,0.058198211637794886,0.27023798650209785,0.6715638018601072
26557,0.05935319014427934,0.09812348940222282,0.8425233204534978
26558,0.5816821438570912,0.09393057990513409,0.3243872762377748
26559,0.2970356135509973,0.11117735650021765,0.5917870299487852
26560,0.0687415630906001,0.11005265966514992,0.8212057772442498
26561,0.0510231045901233,0.23212527592758456,0.7168516194822921
26562,0.044724835903274286,0.07515278020486091,0.8801223838918648
26563,0.04851445304400124,0.08487543298059108,0.8666101139754075
26564,0.09293467957181614,0.1475473618660298,0.7595179585621541
26565,0.10594069787363859,0.35971657009916336,0.534342732027198
26566,0.0669530144409087,0.22092447996480968,0.7121225055942815
26567,0.09359598523882631,0.14451408377231703,0.7618899309888566
26568,0.4211354098837125,0.5494209351139423,0.029443655002345092
26569,0.04490678670176326,0.0969967065546879,0.8580965067435489
26570,0.05754345321545737,0.6295322499325036,0.312924296852039
26571,0.0706400550138141,0.096720696158123,0.8326392488280627
26572,0.06026591489875706,0.18321800182046338,0.7565160832807796
26573,0.11517683463846883,0.13830442975021517,0.7465187356113161
26574,0.21211908076943928,0.10159605557201348,0.6862848636585472
26575,0.07377698935233686,0.10952824936200019,0.816694761285663
26576,0.07846952047743655,0.0921735915007246,0.8293568880218388
26577,0.11087455660179596,0.14265045166566145,0.7464749917325426
26578,0.25026864427611034,0.4298677120894019,0.31986364363448777
26579,0.312592842036392,0.6747839108440198,0.01262324711958826
26580,0.07477632078429526,0.10460617848893039,0.8206175007267744
26581,0.11007208069013194,0.17344038204978882,0.7164875372600792
26582,0.045066502280202085,0.08771866821813216,0.8672148295016657
26583,0.04239950960177898,0.07029986351241907,0.8873006268858019
26584,0.09676336610839474,0.1584015475565222,0.7448350863350831
26585,0.13011781640762765,0.4925679601180285,0.3773142234743439
26586,0.3472302914466096,0.24972015938193542,0.40304954917145497
26587,0.34951952067847347,0.37892578204738864,0.2715546972741379
26588,0.0562647925237025,0.11491443717685466,0.8288207702994429
26589,0.1259397645321765,0.10506117752907213,0.7689990579387513
26590,0.1033446940942897,0.3893201229304669,0.5073351829752434
26591,0.15040175424082272,0.823778336426621,0.025819909332556356
26592,0.41256600157424816,0.10776898667531198,0.47966501175043985
26593,0.04944939676662445,0.6096130372830921,0.34093756595028324
26594,0.06378861514005606,0.08647752090660911,0.849733863953335
26595,0.04026566929965259,0.067525550038242,0.8922087806621053
26596,0.07178208934376983,0.09786233614180355,0.8303555745144267
26597,0.607286956476728,0.25154606801311713,0.14116697551015484
26598,0.0591989221205457,0.13897995608474223,0.8018211217947122
26599,0.05773675513626528,0.08640155032805788,0.8558616945356768
26600,0.038826142521963,0.07765042799139209,0.8835234294866448
26601,0.055142128340391346,0.13683055744285752,0.808027314216751
26602,0.058102655855576425,0.19113634182859962,0.7507610023158239
26603,0.05861670279947537,0.1155373530786332,0.8258459441218915
26604,0.05049082776912452,0.08381155142702036,0.8656976208038552
26605,0.036330878278598065,0.06466384534611697,0.899005276375285
26606,0.07042449996940656,0.4436702290563756,0.48590527097421776
26607,0.09899047357547117,0.8737537412498052,0.0272557851747237
26608,0.04965444562485133,0.09256807948150002,0.8577774748936488
26609,0.054377376742672276,0.09128779094239882,0.854334832314929
26610,0.211565476694638,0.746811314213519,0.04162320909184304
26611,0.12048217135818831,0.20441954400700812,0.6750982846348035
26612,0.11125984154114751,0.43696450623514216,0.45177565222371036
26613,0.06343925822995829,0.16996555535514066,0.7665951864149011
26614,0.1243387758811586,0.14630392545004148,0.7293572986687998
26615,0.11367846616134676,0.16416996027435515,0.7221515735642982
26616,0.04573729785326283,0.06906256683706087,0.8852001353096762
26617,0.08395854021744341,0.10965134357009293,0.8063901162124637
26618,0.04490677267174154,0.07921262567712438,0.8758806016511339
26619,0.08085408833136641,0.16637316972861202,0.7527727419400218
26620,0.1425849210401921,0.8091689876258727,0.04824609133393518
26621,0.046913636203824285,0.07732869519468229,0.8757576686014934
26622,0.06845854399494904,0.5737772097330228,0.3577642462720281
26623,0.05265263145175137,0.4586848775101578,0.48866249103809073
26624,0.08834856930315939,0.13332320580273224,0.7783282248941084
26625,0.6677894314252611,0.11927792040253506,0.21293264817220384
26626,0.24867007370824645,0.11133648601414463,0.6399934402776088
26627,0.05419564511517295,0.0822124587113378,0.8635918961734893
26628,0.03604276365447634,0.08902761834615476,0.8749296179993687
26629,0.04400275143038715,0.08121823123191609,0.8747790173376968
26630,0.04500202893046795,0.09615501310427711,0.8588429579652549
26631,0.050546995562161696,0.08146947794867357,0.8679835264891648
26632,0.5460451129598988,0.07931203582185184,0.3746428512182493
26633,0.0736856398817308,0.11295881631830329,0.8133555437999659
26634,0.05697443810371101,0.08760963283951091,0.8554159290567781
26635,0.06668612957847254,0.2395735579131787,0.6937403125083488
26636,0.061016109628487226,0.31380646597085915,0.6251774244006535
26637,0.043684380186366445,0.12102979874217952,0.8352858210714539
26638,0.03680160723408097,0.7578446594306639,0.20535373333525517
26639,0.10862471498647479,0.7125154624560953,0.17885982255742972
26640,0.37449771890853917,0.16324646649295188,0.4622558145985089
26641,0.14332501069190703,0.573875383602637,0.2827996057054559
26642,0.052316561226048844,0.11126132810683638,0.836422110667115
26643,0.0612911339916956,0.2097870006894731,0.7289218653188313
26644,0.06162234785303178,0.09445759672624118,0.843920055420727
26645,0.05195046584070312,0.10379092979377136,0.8442586043655255
26646,0.640885747536207,0.12211590592105141,0.23699834654274174
26647,0.041459378355655635,0.059383590838783265,0.8991570308055612
26648,0.05693337636523441,0.5670729952518844,0.37599362838288114
26649,0.07050707350806565,0.1039572569238846,0.8255356695680498
26650,0.40485819714043636,0.5606806922969751,0.03446111056258849
26651,0.2285964379529138,0.755041061265557,0.016362500781529225
26652,0.2178642228348002,0.12628004490735803,0.6558557322578418
26653,0.2861525375016438,0.1492349074198926,0.5646125550784636
26654,0.04468880158651037,0.7240082832909763,0.23130291512251328
26655,0.04833210047984172,0.5715919938391771,0.38007590568098115
26656,0.05464344089604958,0.09571317012254114,0.8496433889814091
26657,0.07751779528515901,0.35507554303793964,0.5674066616769015
26658,0.05964760201487565,0.26235284938988385,0.6779995485952405
26659,0.1445772690189171,0.20878407233420113,0.6466386586468819
26660,0.07105233531390602,0.2156470637113003,0.7133006009747936
26661,0.21580564078448417,0.17567048896785026,0.6085238702476655
26662,0.05592409384825975,0.28120853618615854,0.6628673699655818
26663,0.05362564537252155,0.1580831494677714,0.7882912051597071
26664,0.13357271369648216,0.13743527604017336,0.7289920102633444
26665,0.17503079671180588,0.17943167078376943,0.6455375325044248
26666,0.06321611699723068,0.41556433060788767,0.5212195523948817
26667,0.034057787235337325,0.06628509686726067,0.8996571158974018
26668,0.05473056687972567,0.486632497985828,0.4586369351344463
26669,0.21909852094347776,0.2535457486785681,0.5273557303779541
26670,0.3111029207312769,0.258385411271058,0.4305116679976651
26671,0.0561007181426359,0.5724731389627777,0.3714261428945865
26672,0.04586482391644756,0.09240292342669675,0.8617322526568557
26673,0.09851077150360243,0.1529916819119683,0.7484975465844292
26674,0.6413544475774926,0.07362127737890015,0.28502427504360717
26675,0.03953100221760225,0.09470636438722024,0.8657626333951774
26676,0.0532535053093006,0.120661952184667,0.8260845425060325
26677,0.041409378959499095,0.06471470834558166,0.8938759126949194
26678,0.07451914297197157,0.21116236766081437,0.7143184893672139
26679,0.13074593680251936,0.10482551110253537,0.7644285520949453
26680,0.06031045956516303,0.2450826951135054,0.6946068453213317
26681,0.04620909181904469,0.0776758679316933,0.8761150402492619
26682,0.04378413758790063,0.09434241764360428,0.8618734447684953
26683,0.06304010306594014,0.28019680833371025,0.6567630886003497
26684,0.08760465546890205,0.14866641306005451,0.7637289314710434
26685,0.24013910213780273,0.1210260560958097,0.6388348417663875
26686,0.04840709952565562,0.08219813423336332,0.869394766240981
26687,0.11153655459593495,0.1846220507706138,0.7038413946334512
26688,0.255448681840286,0.4683656961586648,0.2761856220010492
26689,0.10027466862849872,0.14862543599470573,0.7510998953767953
26690,0.040183671162972744,0.0790310970523408,0.8807852317846865
26691,0.13890910088607683,0.37160476585999647,0.4894861332539268
26692,0.05478072673212322,0.3013929425000941,0.6438263307677826
26693,0.4004901132108078,0.12985614826094224,0.4696537385282498
26694,0.5839640761907614,0.3996384420954607,0.016397481713777952
26695,0.05104492433518305,0.0773946915301415,0.8715603841346754
26696,0.04228953375260469,0.07372805382786413,0.8839824124195312
26697,0.03760351780617531,0.06387082895253013,0.8985256532412947
26698,0.03880198139362959,0.06301189994533005,0.8981861186610405
26699,0.0755618457189211,0.4203680503146218,0.504070103966457
26700,0.06237847814477273,0.41756242432574275,0.5200590975294844
26701,0.1604960020512492,0.4275541497577563,0.41194984819099445
26702,0.09747782567723237,0.31765742540933967,0.5848647489134279
26703,0.0617716586999958,0.10935412818568341,0.8288742131143207
26704,0.0411298205078994,0.08148148238613327,0.8773886971059673
26705,0.04862539252051775,0.06599708827785193,0.8853775192016303
26706,0.04831223309532475,0.08401234496620232,0.867675421938473
26707,0.2643103796062064,0.11719454950392166,0.6184950708898721
26708,0.04425688272217214,0.07751610965837404,0.8782270076194539
26709,0.04171956362362821,0.07918463438446044,0.8790958019919115
26710,0.05710010144377713,0.11035628587251813,0.8325436126837047
26711,0.261739893123908,0.10474038091874392,0.6335197259573481
26712,0.06979278015398431,0.2052457595958054,0.7249614602502102
26713,0.07861378794217717,0.4689345563091987,0.452451655748624
26714,0.05691192259777269,0.12657836470707193,0.8165097126951555
26715,0.06947286061749548,0.2205512561088655,0.7099758832736389
26716,0.08278820506082932,0.6505132319967702,0.26669856294240046
26717,0.05542033400581733,0.15500125133160744,0.7895784146625751
26718,0.11398776147818185,0.15743138731598177,0.7285808512058365
26719,0.07454436565730699,0.3808778654904563,0.5445777688522367
26720,0.09859482554670933,0.10192871476953097,0.7994764596837597
26721,0.0653199990007173,0.2210102322558512,0.7136697687434314
26722,0.1847558320087604,0.11749911815103796,0.6977450498402016
26723,0.07857536007475197,0.1046780835581042,0.8167465563671438
26724,0.06086809481010026,0.5297319629931345,0.40939994219676523
26725,0.05700183555601275,0.29071979390482844,0.6522783705391589
26726,0.10923572092751921,0.32688944052001584,0.5638748385524649
26727,0.04913819447657691,0.09217902269078451,0.8586827828326387
26728,0.09998446405642596,0.1738617539810708,0.7261537819625035
26729,0.08809533821387011,0.21120331136490586,0.7007013504212241
26730,0.13660686017437032,0.51749740644632,0.3458957333793096
26731,0.06737972371664196,0.08918412392377954,0.8434361523595785
26732,0.1920223295732489,0.785714731347302,0.02226293907944911
26733,0.05191055911116217,0.062223885732239095,0.8858655551565986
26734,0.11846021228411718,0.16998390229603336,0.7115558854198495
26735,0.048594074544133156,0.09516995986822631,0.8562359655876405
26736,0.104546447938236,0.1932582262719596,0.7021953257898045
26737,0.07976192630320478,0.32870882557925263,0.5915292481175425
26738,0.03915593009839167,0.07150263764383528,0.8893414322577732
26739,0.44969909600802915,0.10928687504332472,0.4410140289486461
26740,0.04109955873754156,0.08846526741358997,0.8704351738488686
26741,0.1184180251512883,0.8422095441698986,0.03937243067881323
26742,0.05312256304311237,0.2275704733111007,0.719306963645787
26743,0.1112173712611582,0.15140212705201633,0.7373805016868253
26744,0.11832013708834926,0.22030816132315792,0.6613717015884927
26745,0.03488894687559754,0.06976768066953626,0.8953433724548662
26746,0.40882274275515834,0.11622133739070843,0.4749559198541332
26747,0.0511510509548992,0.49883000528159305,0.45001894376350765
26748,0.23334668982256668,0.2648582244825315,0.5017950856949018
26749,0.06275335315328939,0.1226796101362954,0.8145670367104152
26750,0.05874590789143432,0.135458016350659,0.8057960757579067
26751,0.0557867920457463,0.11414175581227774,0.8300714521419761
26752,0.08855792611562563,0.49428856391810594,0.4171535099662684
26753,0.10017029763910235,0.1443637949297114,0.7554659074311861
26754,0.08242138959323064,0.10860272999794719,0.8089758804088222
26755,0.05817806341135303,0.13636322872536263,0.8054587078632844
26756,0.11221406768757974,0.10395740976173025,0.78382852255069
26757,0.18177080763244718,0.22179373707360975,0.5964354552939432
26758,0.11492124815006971,0.25573465730762485,0.6293440945423054
26759,0.09271742743909459,0.1480044591369533,0.7592781134239521
26760,0.41442851529465685,0.1466542126790254,0.43891727202631764
26761,0.056859942452700166,0.1283605777075674,0.8147794798397325
26762,0.038974206193233524,0.07462862216272288,0.8863971716440435
26763,0.05093115239826222,0.08353306807099237,0.8655357795307456
26764,0.07348348833709661,0.10805132978209939,0.8184651818808039
26765,0.07003521480874003,0.10588034205585843,0.8240844431354015
26766,0.06537000087077706,0.4541288450279065,0.4805011541013164
26767,0.06815248793645932,0.11092937275605566,0.820918139307485
26768,0.10177517080955797,0.8792776642600659,0.018947164930376174
26769,0.42097390811265245,0.13120360385631774,0.44782248803102986
26770,0.05731315241502744,0.0855903823081785,0.8570964652767941
26771,0.19166652341847384,0.7846914384696495,0.023642038111876543
26772,0.3988704275156677,0.09331039211810596,0.5078191803662263
26773,0.11863065391169371,0.14502011453043273,0.7363492315578736
26774,0.11836029531138599,0.16408392254254278,0.7175557821460713
26775,0.06036479074675235,0.24475483775400125,0.6948803714992464
26776,0.04982205597861969,0.0841895687563101,0.8659883752650702
26777,0.039312666287922765,0.056700610673667697,0.9039867230384097
26778,0.046416641088201364,0.08206628514590673,0.8715170737658919
26779,0.05215979515119568,0.13252107439988958,0.8153191304489147
26780,0.04773305060242168,0.08689469609411439,0.8653722533034639
26781,0.04815445909722975,0.121543222470022,0.8303023184327482
26782,0.048868637137830066,0.08155826982205093,0.8695730930401189
26783,0.16862631214411464,0.1798015675768328,0.6515721202790524
26784,0.05355941667555099,0.5604358348539635,0.3860047484704854
26785,0.0718311364473911,0.13210154998492013,0.7960673135676888
26786,0.35849489652673433,0.10512818689118121,0.5363769165820844
26787,0.053999464255190775,0.09555143289939405,0.8504491028454152
26788,0.20161558546809186,0.25671627476230086,0.5416681397696073
26789,0.057001770332611314,0.4811860479289176,0.46181218173847094
26790,0.06752162014392248,0.1356705434444793,0.7968078364115981
26791,0.044563837829478786,0.07257827768084946,0.8828578844896717
26792,0.06855092514500216,0.13707931850779065,0.7943697563472073
26793,0.061077797365274536,0.14078929402018897,0.7981329086145365
26794,0.06616315838540543,0.1152193165032255,0.818617525111369
26795,0.061823272684295924,0.21604530966125543,0.7221314176544488
26796,0.13442754382764924,0.8595053953534759,0.006067060818874906
26797,0.06395549682914357,0.29181752123303145,0.644226981937825
26798,0.6384857912046885,0.07897128122254342,0.28254292757276817
26799,0.24245589247817984,0.10872343767458079,0.6488206698472395
26800,0.08658912623579945,0.8950278476287549,0.018383026135445776
26801,0.053471755846410576,0.4949064760080595,0.45162176814552996
26802,0.106981661260007,0.15096000236491652,0.7420583363750765
26803,0.05941874628699992,0.18016200127329746,0.7604192524397024
26804,0.04925686269915079,0.2217666649722897,0.7289764723285596
26805,0.043404386562180736,0.10585983040916078,0.8507357830286586
26806,0.11498494297478874,0.23340212609776062,0.6516129309274507
26807,0.044260009121679315,0.07719766643250647,0.8785423244458144
26808,0.051288017227396336,0.16704599692835964,0.7816659858442441
26809,0.058541555267941574,0.23153223619744884,0.7099262085346096
26810,0.05097249624503166,0.2719956114129465,0.6770318923420219
26811,0.04238206045945098,0.10256834162792537,0.8550495979126238
26812,0.04139801028007072,0.07692168063826738,0.881680309081662
26813,0.0985402840579705,0.4512812685774315,0.45017844736459794
26814,0.11657779088645874,0.15369809599354836,0.729724113119993
26815,0.10081643883567988,0.14191453057793482,0.7572690305863853
26816,0.08851294245949837,0.24215267402213098,0.6693343835183707
26817,0.047095782470601276,0.05954695924948742,0.8933572582799113
26818,0.2863981649408552,0.1552926729750444,0.5583091620841005
26819,0.11080207305653832,0.22734569186023112,0.6618522350832305
26820,0.1291633290010645,0.8425087733991194,0.028327897599815997
26821,0.06605113673766741,0.9215549377236364,0.012393925538696228
26822,0.07709236406178589,0.4180589211984043,0.5048487147398097
26823,0.05933471329913837,0.0818460037311253,0.8588192829697363
26824,0.11045032252679993,0.11534145858400846,0.7742082188891917
26825,0.03716541996914777,0.07111438182944949,0.8917201982014027
26826,0.045338187020672605,0.08490123414429036,0.8697605788350371
26827,0.09802163349583816,0.15142213167079338,0.7505562348333685
26828,0.09395807119100962,0.16516051713962393,0.7408814116693665
26829,0.05928668337723189,0.08277828695897513,0.857935029663793
26830,0.04307133460289055,0.08463583752921879,0.8722928278678908
26831,0.0572047478979847,0.14062355938862298,0.8021716927133924
26832,0.029647430163438696,0.07583437631104953,0.8945181935255119
26833,0.06850524251331205,0.12858291595011873,0.8029118415365691
26834,0.057124421930932555,0.15115954519180363,0.7917160328772639
26835,0.6153600627719685,0.09207538518664504,0.2925645520413865
26836,0.12136960453922041,0.32052624145993286,0.5581041540008467
26837,0.12965693341902007,0.08947652441651396,0.7808665421644659
26838,0.1544415384806692,0.24693317178203877,0.5986252897372921
26839,0.6100153726308437,0.09356936611941326,0.29641526124974316
26840,0.0837952527793581,0.17832519356338225,0.7378795536572597
26841,0.05181896737152533,0.0661966497132684,0.8819843829152063
26842,0.055716147063535684,0.21845367601870058,0.7258301769177639
26843,0.1110256939139983,0.14200341512671116,0.7469708909592905
26844,0.04986145649490557,0.7219128638889627,0.22822567961613163
26845,0.4376528110597696,0.08967448023872014,0.4726727087015103
26846,0.05183936976303201,0.10307061125671546,0.8450900189802524
26847,0.09931167564843281,0.22037329715240425,0.6803150271991628
26848,0.19724276494141418,0.10940875809940483,0.6933484769591809
26849,0.28784022501867934,0.1756593670729233,0.5365004079083974
26850,0.09525909557214805,0.199051478633666,0.7056894257941859
26851,0.09602741730907827,0.14860804867623084,0.7553645340146907
26852,0.053445264713463926,0.6064347817064191,0.3401199535801171
26853,0.04778227969644592,0.08871937490508777,0.8634983453984665
26854,0.08890021026104948,0.8955309863124798,0.015568803426470655
26855,0.05826452408154873,0.16645427472137775,0.7752812011970734
26856,0.13248516336935345,0.10616018997043793,0.7613546466602086
26857,0.0727145813004105,0.4401902956398682,0.48709512305972136
26858,0.03459204020606509,0.8465832961702128,0.11882466362372222
26859,0.04428420020631793,0.651186852118136,0.30452894767554617
26860,0.04319519807336491,0.6869850003262998,0.2698198016003354
26861,0.0779364533177729,0.22802394517984675,0.6940396015023805
26862,0.06843021655044688,0.09595221548858092,0.8356175679609723
26863,0.052906357318724805,0.12448381220716954,0.8226098304741057
26864,0.08330579289771284,0.2823242550190853,0.6343699520832019
26865,0.06332389862450004,0.2066817535595058,0.729994347815994
26866,0.0494082838979185,0.15109663089415487,0.7994950852079266
26867,0.06045128360091491,0.08765300724471825,0.8518957091543669
26868,0.06457193462573174,0.11310468534686882,0.8223233800273995
26869,0.03712199844529396,0.048449355834454276,0.9144286457202517
26870,0.03574826353069718,0.7864092119246475,0.17784252454465527
26871,0.41476538757791065,0.13007282230469258,0.45516179011739677
26872,0.04647065779377527,0.09188495947905309,0.8616443827271716
26873,0.0709965761697312,0.1651933129938767,0.7638101108363922
26874,0.05675251504256232,0.3826581629380057,0.560589322019432
26875,0.09812329640556668,0.2208106895931397,0.6810660140012936
26876,0.04796586677528167,0.06680596870760835,0.8852281645171101
26877,0.04963291228222952,0.08582593353053612,0.8645411541872343
26878,0.10177136717694593,0.14139128730232836,0.7568373455207259
26879,0.07291521687128288,0.22096889896456323,0.7061158841641539
26880,0.1431687831197738,0.10648801449387382,0.7503432023863524
26881,0.034447599819411916,0.0840076393388223,0.8815447608417657
26882,0.5179549429786466,0.10519470583969656,0.37685035118165683
26883,0.05101599975682421,0.08851060746804063,0.860473392775135
26884,0.06107592184801301,0.3677227484602545,0.5712013296917324
26885,0.12098374392462694,0.11783437828746146,0.7611818777879116
26886,0.035760274197299664,0.08038878081269707,0.8838509449900034
26887,0.058212483998727096,0.11633232803447005,0.825455187966803
26888,0.17437538912356929,0.1557336418482776,0.669890969028153
26889,0.044572193245202424,0.08242082746277067,0.8730069792920269
26890,0.07325335294966011,0.23200230669111363,0.6947443403592264
26891,0.04623967346575908,0.6192870722010801,0.3344732543331608
26892,0.07163419998810881,0.09683691152485113,0.83152888848704
26893,0.04690665999592926,0.07606624134948822,0.8770270986545826
26894,0.04901790591064113,0.1234136016659119,0.827568492423447
26895,0.08177297205101636,0.42976151028624676,0.4884655176627369
26896,0.06334073848633855,0.09383714864757561,0.842822112866086
26897,0.06362571402009838,0.1691086801216664,0.7672656058582351
26898,0.040221514611294355,0.07625730726545867,0.883521178123247
26899,0.13419197795842358,0.13369599284834835,0.732112029193228
26900,0.05600117862762167,0.20312853342898055,0.7408702879433978
26901,0.06921056558229355,0.2418577003298543,0.6889317340878521
26902,0.047425286991577026,0.0632349162872333,0.8893397967211896
26903,0.07014302943847045,0.23411726443919828,0.6957397061223314
26904,0.6063431185063616,0.36752793069241546,0.026128950801222874
26905,0.05839929278244568,0.10271994574717704,0.8388807614703775
26906,0.04224596351675442,0.10163882228582664,0.8561152141974189
26907,0.033521768980305414,0.06789757604669527,0.8985806549729993
26908,0.05269957989863961,0.13208038085796048,0.8152200392433998
26909,0.05069790846578396,0.6048919556811224,0.3444101358530936
26910,0.09383791581526642,0.19170433104289838,0.7144577531418352
26911,0.04978328822907257,0.08823479719921534,0.8619819145717122
26912,0.048923407699826206,0.10353004174438973,0.847546550555784
26913,0.2919878761179037,0.15973139050621202,0.5482807333758842
26914,0.05239906203868195,0.1460180034374155,0.8015829345239025
26915,0.113680235774786,0.12832858219769624,0.7579911820275179
26916,0.20233049845922574,0.7842411495821829,0.013428351958591371
26917,0.05606009619978984,0.14927626271711705,0.7946636410830933
26918,0.06212579121673925,0.11376073898101562,0.8241134698022452
26919,0.48270900805045025,0.1212418776159454,0.39604911433360424
26920,0.057637879180302665,0.20677217904353848,0.7355899417761589
26921,0.05926172812387759,0.5727068151899587,0.3680314566861638
26922,0.07154958450854285,0.44005396122858254,0.4883964542628746
26923,0.04728430774805966,0.07184449373477177,0.8808711985171688
26924,0.053441202423151445,0.12473780658214158,0.821820990994707
26925,0.052427027178388055,0.06948693906284256,0.8780860337587694
26926,0.11439307167998831,0.24608638530802307,0.6395205430119886
26927,0.06331582664568208,0.0942510693649121,0.8424331039894057
26928,0.06148947614215626,0.9264988564695451,0.012011667388298522
26929,0.045940340369913735,0.10698173446332436,0.847077925166762
26930,0.04406837671687473,0.6946381841154903,0.261293439167635
26931,0.16109927595822804,0.8162865045436843,0.02261421949808777
26932,0.04099173890505754,0.6688370205592887,0.2901712405356537
26933,0.42389203582689394,0.10770669942032202,0.4684012647527842
26934,0.06547512290799604,0.10273122688634981,0.8317936502056542
26935,0.04942963186297824,0.1384835059480099,0.8120868621890117
26936,0.04609218250720241,0.128341583890226,0.8255662336025715
26937,0.14144989145381087,0.1704695340733621,0.6880805744728269
26938,0.1978246143459471,0.7863815478433716,0.015793837810681235
26939,0.6360450441808295,0.3398608593203882,0.024094096498782313
26940,0.09808612065052058,0.13385669922330914,0.7680571801261703
26941,0.09532911775231337,0.21657735297350916,0.6880935292741777
26942,0.07488330730849072,0.10984673397905012,0.815269958712459
26943,0.05462605809743284,0.38150812843319504,0.5638658134693721
26944,0.06929398615949674,0.09888812604245653,0.8318178877980467
26945,0.07056184998974652,0.4230565461949138,0.5063816038153397
26946,0.04223651375010363,0.08119131219455906,0.8765721740553373
26947,0.06173780766194851,0.1417887639414352,0.7964734283966163
26948,0.07551653797116188,0.3403762030171748,0.5841072590116633
26949,0.33846800376852043,0.1286744323712186,0.532857563860261
26950,0.18960002135038212,0.14339301696029513,0.6670069616893226
26951,0.3715653508339609,0.38610815683531224,0.2423264923307269
26952,0.11769838641892978,0.2144813889652601,0.6678202246158101
26953,0.12438724225388807,0.08136328630313952,0.7942494714429724
26954,0.05107441223101514,0.13520290509257088,0.813722682676414
26955,0.04218260574594268,0.6439054831820344,0.3139119110720228
26956,0.16182435349156976,0.22551220719393067,0.6126634393144995
26957,0.6737253471679145,0.08534439355809872,0.24093025927398679
26958,0.2660321929643485,0.11770382602782309,0.6162639810078283
26959,0.06517711939059204,0.14179757951926078,0.7930253010901472
26960,0.07258880004286597,0.1721883525260642,0.7552228474310698
26961,0.054884242640682854,0.12776963709832206,0.817346120260995
26962,0.05035259342630175,0.5556293363148593,0.3940180702588389
26963,0.4004901132108078,0.12985614826094224,0.4696537385282498
26964,0.10519195885194753,0.143554621422587,0.7512534197254654
26965,0.0411160067267104,0.6898693522007888,0.26901464107250095
26966,0.06334073848633855,0.09383714864757561,0.842822112866086
26967,0.04781232159821849,0.09914436605607843,0.853043312345703
26968,0.12259207950303987,0.16900468983507524,0.7084032306618849
26969,0.05540627370821623,0.0814714370895486,0.8631222892022351
26970,0.05954506691378579,0.09992638813907812,0.8405285449471361
26971,0.06547272690494176,0.24183513815380941,0.6926921349412489
26972,0.14990332704811038,0.2820930795291853,0.5680035934227043
26973,0.09463877302628909,0.17357553733863854,0.7317856896350724
26974,0.03792358103961646,0.07231018884742199,0.8897662301129615
26975,0.053322859348786486,0.0724535869497494,0.8742235537014641
26976,0.15261750452475104,0.8154910809648604,0.03189141451038844
26977,0.10227269396173694,0.1830316309741767,0.7146956750640865
26978,0.04668855324910835,0.12138780082887832,0.8319236459220133
26979,0.11244088616545164,0.2128720238355969,0.6746870899989514
26980,0.05907606952052226,0.18051636728119913,0.7604075631982786
26981,0.06558507459104107,0.42094572677768355,0.5134691986312754
26982,0.05443395905559597,0.11553409785757629,0.8300319430868278
26983,0.10477411491571399,0.17182870913920933,0.7233971759450766
26984,0.07404863408059159,0.21160281943369022,0.7143485464857181
26985,0.07039365841591916,0.4279150525524831,0.5016912890315978
26986,0.09584998110115511,0.12123321867336286,0.782916800225482
26987,0.042991633169930724,0.7425017896370628,0.21450657719300661
26988,0.1396226806542404,0.2702757734361788,0.5901015459095807
26989,0.05018985516601198,0.610805374053233,0.339004770780755
26990,0.04535863165899986,0.07521153203066663,0.8794298363103337
26991,0.04571704746876365,0.07640349894702293,0.8778794535842135
26992,0.09572292168934877,0.638804056098488,0.2654730222121632
26993,0.035902791112515146,0.0770398679193705,0.8870573409681143
26994,0.10860995543698769,0.1260896794344067,0.7653003651286056
26995,0.05782259805606101,0.1968955484690904,0.7452818534748485
26996,0.03686781228738625,0.07457399934555385,0.8885581883670599
26997,0.21999639615606362,0.47146028028959264,0.30854332355434366
26998,0.5054356803435641,0.09992451058505791,0.3946398090713781
26999,0.5462423449127574,0.08876681393306765,0.36499084115417496
27000,0.05942867654588184,0.45633142970519136,0.48423989374892684
27001,0.0734465226668201,0.2824640561017744,0.6440894212314056
27002,0.06505423712577102,0.24185639095727995,0.693089371916949
27003,0.07372484377459489,0.1350592248591807,0.7912159313662245
27004,0.2584527358451758,0.13014553424557485,0.6114017299092493
27005,0.06536072798128417,0.2717126451388989,0.6629266268798168
27006,0.04591838712454485,0.0832908545142009,0.8707907583612542
27007,0.08238005045934742,0.7278307432813015,0.18978920625935117
27008,0.06846081321471086,0.2076525437311782,0.723886643054111
27009,0.05939576970979881,0.1605005660646325,0.7801036642255688
27010,0.03613077159353876,0.0710736157334828,0.8927956126729785
27011,0.14458495213879,0.5106121493203793,0.3448028985408307
27012,0.05608953494737175,0.08341794065731668,0.8604925243953117
27013,0.19119664220353755,0.13656782216488603,0.6722355356315763
27014,0.10169442023619743,0.4317547898813427,0.4665507898824599
27015,0.08156888379663185,0.4766345252122209,0.44179659099114726
27016,0.05118967511506029,0.07943920646111,0.8693711184238296
27017,0.0580140009932937,0.10266092476898706,0.8393250742377193
27018,0.1318323975000135,0.11478430732158111,0.7533832951784054
27019,0.09364795745134746,0.16889959305146013,0.7374524494971924
27020,0.06213588656814393,0.22860644266364374,0.7092576707682124
27021,0.07067139883174713,0.35027244101854793,0.579056160149705
27022,0.040513033385220734,0.0746717974816874,0.8848151691330919
27023,0.18296482007326997,0.2836777197702695,0.5333574601564605
27024,0.13608169360237513,0.19438615257978348,0.6695321538178414
27025,0.28870645331325456,0.10588579242118737,0.605407754265558
27026,0.04322566335846886,0.07736234833801213,0.879411988303519
27027,0.11297116805849121,0.10307949557966548,0.7839493363618435
27028,0.5467438422485901,0.07991218613475455,0.37334397161665533
27029,0.04659868373895115,0.09901785078821439,0.8543834654728346
27030,0.18327221764470944,0.5160130976722274,0.3007146846830633
27031,0.47955515323263775,0.23805439190902625,0.28239045485833597
27032,0.37180984250586685,0.14662486394957194,0.4815652935445611
27033,0.07144321227541736,0.10087655557925385,0.8276802321453288
27034,0.09986914036159164,0.16938278286303585,0.7307480767753726
27035,0.6151242396702932,0.09246594523142587,0.2924098150982809
27036,0.11904832736752058,0.14053925086974922,0.7404124217627304
27037,0.210643516653766,0.4417261690677508,0.3476303142784832
27038,0.04765703701810032,0.07202147762998187,0.8803214853519177
27039,0.20169492615465098,0.1758933793691745,0.6224116944761745
27040,0.06279688990797783,0.10433028724217533,0.8328728228498468
27041,0.04176648697136302,0.07327808500012914,0.8849554280285078
27042,0.1921171945220513,0.7822128993875185,0.025669906090430163
27043,0.0513723716911179,0.08515289023547394,0.8634747380734081
27044,0.04544232391654858,0.08441626087916114,0.8701414152042901
27045,0.0829779374234832,0.1345559403356173,0.7824661222408995
27046,0.07310873382764468,0.10274061159984994,0.8241506545725054
27047,0.09364582749180794,0.5450998668359961,0.36125430567219613
27048,0.2922578312738439,0.700993922150308,0.006748246575848226
27049,0.15291020177291778,0.4094420121261492,0.437647786100933
27050,0.05328453817917688,0.10804574742787627,0.8386697143929469
27051,0.10123743122251548,0.3298402596940765,0.568922309083408
27052,0.05352114719711365,0.08259962977730224,0.8638792230255841
27053,0.058519278458504534,0.20897670951702715,0.7325040120244682
27054,0.05505363865390276,0.11041955312892543,0.8345268082171718
27055,0.20705625964334265,0.7761524948423457,0.01679124551431171
27056,0.24028823436902014,0.7415345064275465,0.018177259203433344
27057,0.06501546147500134,0.4235447424785176,0.511439796046481
27058,0.5021120252422918,0.13235601151181606,0.365531963245892
27059,0.07145332006768279,0.13210854576803993,0.7964381341642772
27060,0.061460753922958467,0.1267231484910417,0.8118160975859997
27061,0.39008138917387686,0.14436064336528173,0.46555796746084144
27062,0.18355396138264846,0.11199979207625169,0.7044462465410999
27063,0.044101063343396744,0.09419007944826574,0.8617088572083376
27064,0.04221968711254388,0.06723279865396921,0.8905475142334871
27065,0.05943768381181275,0.46524314762731733,0.47531916856087
27066,0.03173092782463999,0.08044372786565451,0.8878253443097054
27067,0.047362775321514214,0.11505701753628383,0.837580207142202
27068,0.5145360982542475,0.10044898950584202,0.3850149122399105
27069,0.041773239841812616,0.09142108179624553,0.866805678361942
27070,0.05483110836556857,0.08198614759778287,0.8631827440366486
27071,0.05090044044349915,0.07506089206269184,0.874038667493809
27072,0.06752140383429496,0.2659659587537269,0.6665126374119782
27073,0.11951924820784152,0.19773491788777214,0.6827458339043863
27074,0.11968942594740882,0.3179506943817441,0.5623598796708471
27075,0.3042875083288244,0.2564709168351596,0.43924157483601606
